Round 1
1		1,0.0		-1,-1.0		3,1.0		4,1.0		
2		-1,-1.0		2,0.0		3,1.0		4,1.0		
3		1,1.0		2,1.0		3,0.0		4,1.0		
4		1,1.0		2,1.0		3,1.0		4,0.0		

Round 2
1		1,0.0		3,2.0		3,1.0		4,1.0		
2		3,2.0		2,0.0		3,1.0		3,2.0		
3		1,1.0		2,1.0		3,0.0		1,2.0		
4		1,1.0		3,2.0		1,2.0		4,0.0		

Round 3
1		1,0.0		3,2.0		3,1.0		4,1.0		
2		3,2.0		2,0.0		3,1.0		3,3.0		
3		1,1.0		2,1.0		3,0.0		1,2.0		
4		1,1.0		1,3.0		1,2.0		4,0.0		

Round 4
1		1,0.0		3,2.0		3,1.0		4,1.0		
2		3,2.0		2,0.0		3,1.0		3,3.0		
3		1,1.0		2,1.0		3,0.0		1,2.0		
4		1,1.0		1,3.0		1,2.0		4,0.0		

Round 5
1		1,0.0		3,2.0		3,1.0		4,1.0		
2		3,2.0		2,0.0		3,1.0		3,3.0		
3		1,1.0		2,1.0		3,0.0		1,2.0		
4		1,1.0		1,3.0		1,2.0		4,0.0		

Round 6
1		1,0.0		4,3.0		4,2.0		4,1.0		
2		3,2.0		2,0.0		3,1.0		3,3.0		
3		4,2.0		2,1.0		3,0.0		4,1.0		
4		1,1.0		1,3.0		3,1.0		4,0.0		

Round 7
1		1,0.0		3,2.0		4,2.0		4,1.0		
2		3,3.0		2,0.0		3,1.0		3,2.0		
3		4,2.0		2,1.0		3,0.0		4,1.0		
4		1,1.0		3,2.0		3,1.0		4,0.0		

Round 8
1		1,0.0		4,3.0		4,2.0		4,1.0		
2		3,3.0		2,0.0		3,1.0		3,2.0		
3		4,2.0		2,1.0		3,0.0		4,1.0		
4		1,1.0		3,2.0		3,1.0		4,0.0		

Convergence delay: 3 round(s)