events.txt

5 1 3 5

network.txt

4
2 3 4
2 4 50
3 1 1
4 1 1
3 4 3


output-basic-detailed.txt

Round 1
1		1,0		-1,-1		3,1		4,1
2		-1,-1		2,0		3,1		4,1
3		1,1		2,1		3,0		4,1
4		1,1		2,1		3,1		4,0

Round 2
1		1,0		3,2		3,1		4,1
2		3,2		2,0		3,1		3,2
3		1,1		2,1		3,0		1,2
4		1,1		3,2		1,2		4,0

Round 3
1		1,0		3,2		3,1		4,1
2		3,2		2,0		3,1		3,3
3		1,1		2,1		3,0		1,2
4		1,1		1,3		1,2		4,0

Round 4
1		1,0		3,2		3,1		4,1
2		3,2		2,0		3,1		3,3
3		1,1		2,1		3,0		1,2
4		1,1		1,3		1,2		4,0

Round 5
1		1,0		3,2		3,1		4,1
2		3,2		2,0		3,1		3,3
3		1,1		2,1		3,0		1,2
4		1,1		1,3		1,2		4,0

Round 6
1		1,0		4,4		4,3		4,1
2		3,2		2,0		3,1		3,3
3		4,2		2,1		3,0		4,1
4		1,1		1,3		3,1		4,0

Round 7
1		1,0		4,4		4,2		4,1
2		3,3		2,0		3,1		3,2
3		4,2		2,1		3,0		4,1
4		1,1		3,2		3,1		4,0

Round 8
1		1,0		4,3		4,2		4,1
2		3,3		2,0		3,1		3,2
3		4,2		2,1		3,0		4,1
4		1,1		3,2		3,1		4,0

Convergence delay: 3 round(s)

output-basic.txt

1		1,0		4,3		4,2		4,1
2		3,3		2,0		3,1		3,2
3		4,2		2,1		3,0		4,1
4		1,1		3,2		3,1		4,0

Convergence delay: 3 round(s)